   1.00000000       1.00000000    
  0.992115140      0.998026848    
  0.968585014      0.992115140    
  0.929780602      0.982288301    
  0.876313806      0.968585014    
  0.809027851      0.951059401    
  0.728983879      0.929780602    
  0.637444019      0.904832602    
  0.535851836      0.876313806    
  0.425809503      0.844336867    
  0.309052229      0.809027851    
  0.187421396      0.770526230    
   6.28350005E-02  0.728983879    
  -6.27424046E-02  0.684564650    
 -0.187330261      0.637444019    
 -0.308964223      0.587807715    
 -0.425725669      0.535851836    
 -0.535773575      0.481781274    
 -0.637372553      0.425809503    
 -0.728920341      0.368157357    
 -0.808973432      0.309052229    
 -0.876269042      0.248727694    
 -0.929746449      0.187421396    
 -0.968562007      0.125375465    
 -0.992103517       6.28350005E-02
  -1.00000000       4.63287033E-05
 -0.992126763      -6.27424046E-02
 -0.968608022     -0.125283659    
 -0.929814756     -0.187330261    
 -0.876358449     -0.248637840    
 -0.809082210     -0.308964223    
 -0.729047358     -0.368071079    
 -0.637515306     -0.425725669    
 -0.535930037     -0.481700093    
 -0.425893337     -0.535773575    
 -0.309140444     -0.587732732    
 -0.187512532     -0.637372553    
  -6.29275888E-02 -0.684497058    
   6.26496896E-02 -0.728920341    
  0.187239483     -0.770467222    
  0.308876097     -0.808973432    
  0.425641835     -0.844287217    
  0.535694957     -0.876269042    
  0.637301147     -0.904793084    
  0.728856921     -0.929746449    
  0.808918834     -0.951030731    
  0.876224637     -0.968562007    
  0.929712236     -0.982270896    
  0.968538821     -0.992103517    
  0.992091954     -0.998021007    
   1.00000000      -1.00000000    
  0.992138326     -0.998032629    
  0.968631089     -0.992126763    
  0.929848850     -0.982305646    
  0.876402974     -0.968608022    
  0.809136689     -0.951087952    
  0.729110897     -0.929814756    
  0.637586713     -0.904872000    
  0.536008239     -0.876358449    
  0.425977170     -0.844386518    
  0.309228122     -0.809082210    
  0.187603533     -0.770585358    
   6.30200654E-02 -0.729047358    
  -6.25576898E-02 -0.684632123    
 -0.187148452     -0.637515306    
 -0.308787972     -0.587882638    
 -0.425557971     -0.535930037    
 -0.535617113     -0.481862485    
 -0.637229741     -0.425893337    
 -0.728793442     -0.368243486    
 -0.808864355     -0.309140444    
 -0.876179755     -0.248817444    
 -0.929678082     -0.187512532    
 -0.968515754     -0.125467628    
 -0.992080212      -6.29275888E-02
 -0.999999940      -1.38747680E-04
 -0.992150009       6.26496896E-02
 -0.968654215      0.125191376    
 -0.929882765      0.187239483    
 -0.876447558      0.248548210    
 -0.809191108      0.308876097    
 -0.729174018      0.367985040    
 -0.637658060      0.425641835    
 -0.536086500      0.481618881    
 -0.426061869      0.535694957    
 -0.309316695      0.587657750    
 -0.187694550      0.637301147    
  -6.31125346E-02  0.684429467    
   6.24647401E-02  0.728856921    
  0.187057912      0.770408273    
  0.308699369      0.808918834    
  0.425473690      0.844237447    
  0.535539269      0.876224637    
  0.637157917      0.904753566    
  0.728729665      0.929712236    
  0.808810174      0.951002121    
  0.876134872      0.968538821    
  0.929644167      0.982253551    
  0.968492806      0.992091954    
  0.992068768      0.998015225    
  0.999999940       1.00000000    
