   1.79816242E-02  0.240888491    
   3.59632485E-02  0.456420302    
   5.39448746E-02  0.646595418    
   7.19264969E-02  0.811413825    
   8.99081156E-02  0.950875640    
  0.107889749       1.06498075    
  0.125871360       1.15372896    
  0.143852994       1.21712065    
  0.161834612       1.25515580    
  0.179816231       1.26783407    
  0.197797865       1.25515568    
  0.215779498       1.21712065    
  0.233761117       1.15372896    
  0.251742721       1.06498051    
  0.269724339      0.950875521    
  0.287705988      0.811413527    
  0.305687606      0.646595240    
  0.323669225      0.456419945    
  0.341650844      0.240888596    
  0.359632462      -4.76837158E-07
