  0.127101809      0.112487212    
  0.254203618      0.213133663    
  0.381305397      0.301939338    
  0.508407235      0.378904283    
  0.635509014      0.444028437    
  0.762610793      0.497311890    
  0.889712632      0.538754523    
   1.01681447      0.568356454    
   1.14391625      0.586117506    
   1.27101803      0.592037976    
   1.39811981      0.586117625    
   1.52522159      0.568356454    
   1.65232337      0.538754582    
   1.77942526      0.497311831    
   1.90652692      0.444028497    
   2.03362894      0.378904343    
   2.16073084      0.301939487    
   2.28783250      0.213133693    
   2.41493440      0.112487078    
   2.54203606       2.38418579E-07
