  0.115863569      0.171424478    
  0.231727138      0.324804276    
  0.347590685      0.460139364    
  0.463454276      0.577429831    
  0.579317868      0.676675558    
  0.695181370      0.757876635    
  0.811044991      0.821033001    
  0.926908553      0.866144717    
   1.04277217      0.893211663    
   1.15863574      0.902233958    
   1.27449930      0.893211722    
   1.39036274      0.866144776    
   1.50622642      0.821032882    
   1.62208998      0.757876635    
   1.73795354      0.676675320    
   1.85381711      0.577429771    
   1.96968067      0.460139513    
   2.08554435      0.324804068    
   2.20140791      0.171424389    
   2.31727147      -4.76837158E-07
