  0.107221067       5.56463785E-02
  0.214442134      0.105435245    
  0.321663231      0.149366602    
  0.428884268      0.187440425    
  0.536105335      0.219656765    
  0.643326461      0.246015579    
  0.750547469      0.266516864    
  0.857768536      0.281160653    
  0.964989603      0.289946914    
   1.07221067      0.292875677    
   1.17943180      0.289946884    
   1.28665292      0.281160653    
   1.39387393      0.266516894    
   1.50109494      0.246015489    
   1.60831606      0.219656706    
   1.71553707      0.187440395    
   1.82275820      0.149366558    
   1.92997921      0.105435193    
   2.03720021       5.56463003E-02
   2.14442134       0.00000000    
