   7.62578994E-02  0.218028381    
  0.152515799      0.413106412    
  0.228773698      0.585234046    
  0.305031598      0.734411359    
  0.381289482      0.860638380    
  0.457547396      0.963914871    
  0.533805311       1.04424119    
  0.610063195       1.10161710    
  0.686321080       1.13604259    
  0.762578964       1.14751780    
  0.838836908       1.13604259    
  0.915094793       1.10161698    
  0.991352618       1.04424119    
   1.06761062      0.963914871    
   1.14386845      0.860638380    
   1.22012639      0.734411240    
   1.29638422      0.585233927    
   1.37264216      0.413106680    
   1.44890010      0.218028069    
   1.52515793       0.00000000    
