   1.50000000       2.00000000    
   2.00000000       3.50000000    
   2.50000000       5.50000000    
   3.00000000       8.00000000    
   3.50000000       11.0000000    
   4.00000000       14.5000000    
   4.50000000       18.5000000    
   5.00000000       23.0000000    
   5.50000000       28.0000000    
   6.00000000       33.5000000    
   6.50000000       39.5000000    
   7.00000000       46.0000000    
   7.50000000       53.0000000    
   8.00000000       60.5000000    
   8.50000000       68.5000000    
   9.00000000       77.0000000    
