   1.25000000       1.50000000    
   1.50000000       2.12500000    
   1.75000000       2.87500000    
   2.00000000       3.75000000    
   2.25000000       4.75000000    
   2.50000000       5.87500000    
   2.75000000       7.12500000    
   3.00000000       8.50000000    
   3.25000000       10.0000000    
   3.50000000       11.6250000    
   3.75000000       13.3750000    
   4.00000000       15.2500000    
   4.25000000       17.2500000    
   4.50000000       19.3750000    
   4.75000000       21.6250000    
   5.00000000       24.0000000    
   5.25000000       26.5000000    
   5.50000000       29.1250000    
   5.75000000       31.8750000    
   6.00000000       34.7500000    
   6.25000000       37.7500000    
   6.50000000       40.8750000    
   6.75000000       44.1250000    
   7.00000000       47.5000000    
   7.25000000       51.0000000    
   7.50000000       54.6250000    
   7.75000000       58.3750000    
   8.00000000       62.2500000    
   8.25000000       66.2500000    
   8.50000000       70.3750000    
   8.75000000       74.6250000    
   9.00000000       79.0000000    
